[gd_scene load_steps=20 format=3 uid="uid://djcs313s8byon"]

[ext_resource type="Texture2D" uid="uid://c00irbjkt7kag" path="res://Assets/2D/TextureBlocJumpV1.jpg" id="1_12j2h"]
[ext_resource type="PackedScene" uid="uid://b1rrltdjkgbfv" path="res://ScriptsEtScenes/Personnage/perso.tscn" id="2_1noys"]

[sub_resource type="StandardMaterial3D" id="StandardMaterial3D_4xoye"]
albedo_color = Color(0.0980392, 0.529412, 0.0627451, 1)
albedo_texture = ExtResource("1_12j2h")
uv1_triplanar = true
uv1_triplanar_sharpness = 57.68

[sub_resource type="BoxMesh" id="BoxMesh_trfu1"]
size = Vector3(10, 4, 10)

[sub_resource type="BoxMesh" id="BoxMesh_trtae"]
size = Vector3(9, 3.8, 9)

[sub_resource type="BoxMesh" id="BoxMesh_4u5tf"]
size = Vector3(2, 2.5, 1)

[sub_resource type="BoxMesh" id="BoxMesh_a5k5j"]
size = Vector3(1, 2, 2)

[sub_resource type="StandardMaterial3D" id="StandardMaterial3D_cp6eg"]
albedo_color = Color(0.113725, 0.447059, 1, 1)

[sub_resource type="BoxMesh" id="BoxMesh_7hdot"]
size = Vector3(50, 20, 50)

[sub_resource type="BoxMesh" id="BoxMesh_4x2kk"]
size = Vector3(49, 19, 49)

[sub_resource type="BoxMesh" id="BoxMesh_dvi3y"]
size = Vector3(13, 13, 4)

[sub_resource type="BoxMesh" id="BoxMesh_tdvo5"]
size = Vector3(30, 9, 20)

[sub_resource type="BoxMesh" id="BoxMesh_fsmeh"]
size = Vector3(29, 8, 19)

[sub_resource type="BoxMesh" id="BoxMesh_uiy7j"]
size = Vector3(5, 5, 8)

[sub_resource type="StandardMaterial3D" id="StandardMaterial3D_5qv88"]
albedo_color = Color(0.788235, 0.286275, 0.176471, 1)

[sub_resource type="BoxMesh" id="BoxMesh_pk447"]
material = SubResource("StandardMaterial3D_5qv88")
size = Vector3(1.5, 7, 1.5)

[sub_resource type="ProceduralSkyMaterial" id="ProceduralSkyMaterial_54vhi"]

[sub_resource type="Sky" id="Sky_tpxv1"]
sky_material = SubResource("ProceduralSkyMaterial_54vhi")

[sub_resource type="Environment" id="Environment_0eumw"]
background_mode = 2
sky = SubResource("Sky_tpxv1")
ambient_light_source = 2
ambient_light_color = Color(0.972549, 1, 1, 1)
ambient_light_energy = 0.5

[node name="TiersLieux" type="Node3D"]

[node name="Perso" parent="." instance=ExtResource("2_1noys")]
transform = Transform3D(1, 0, 0, 0, 1, 0, 0, 0, 1, 36.4451, 0, -15.6893)

[node name="GroundMesh" type="CSGCylinder3D" parent="."]
transform = Transform3D(1, 0, 0, 0, 1, 0, 0, 0, 1, 0, -2, 0)
use_collision = true
radius = 100.0
material = SubResource("StandardMaterial3D_4xoye")
metadata/_edit_lock_ = true

[node name="CreuxRiviere" type="CSGBox3D" parent="GroundMesh"]
transform = Transform3D(1, 0, 0, 0, 1, 0, 0, 0, 1, 74.9376, 1, 0)
operation = 2
size = Vector3(51.2235, 2, 12)
metadata/_edit_lock_ = true

[node name="CreuxRiviere2" type="CSGBox3D" parent="GroundMesh"]
transform = Transform3D(0.984808, 0, 0.173648, 0, 1, 0, -0.173648, 0, 0.984808, 43.4123, 1, 0.937003)
operation = 2
size = Vector3(10, 2, 12)
metadata/_edit_lock_ = true

[node name="CreuxRiviere3" type="CSGBox3D" parent="GroundMesh"]
transform = Transform3D(0.939693, 0, 0.34202, 0, 1, 0, -0.34202, 0, 0.939693, 32.792, 1, 3.72263)
operation = 2
size = Vector3(10, 2, 12)
metadata/_edit_lock_ = true

[node name="CreuxRiviere4" type="CSGBox3D" parent="GroundMesh"]
transform = Transform3D(0.866026, 0, 0.5, 0, 1, 0, -0.5, 0, 0.866026, 23.0034, 1, 8.33194)
operation = 2
size = Vector3(10, 2, 12)
metadata/_edit_lock_ = true

[node name="CreuxRiviere5" type="CSGBox3D" parent="GroundMesh"]
transform = Transform3D(0.766045, 0, 0.642788, 0, 1, 0, -0.642788, 0, 0.766045, 14.0584, 1, 14.6075)
operation = 2
size = Vector3(10, 2, 12)
metadata/_edit_lock_ = true

[node name="CreuxRiviere6" type="CSGBox3D" parent="GroundMesh"]
transform = Transform3D(0.5, 0, 0.866026, 0, 1, 0, -0.866026, 0, 0.5, 6.53717, 1, 23.481)
operation = 2
size = Vector3(10, 2, 12)
metadata/_edit_lock_ = true

[node name="CreuxRiviere7" type="CSGBox3D" parent="GroundMesh"]
transform = Transform3D(0.173648, 0, 0.984808, 0, 1, 0, -0.984808, 0, 0.173648, 2.68809, 1, 34.1346)
operation = 2
size = Vector3(10, 2, 12)
metadata/_edit_lock_ = true

[node name="CreuxRiviere9" type="CSGBox3D" parent="GroundMesh"]
transform = Transform3D(0.992803, 0, -0.119756, 0, 1, 0, 0.119756, 0, 0.992803, 1.62911, 1, 39.3567)
operation = 2
size = Vector3(11.6249, 2, 2.11243)
metadata/_edit_lock_ = true

[node name="CreuxRiviere10" type="CSGBox3D" parent="GroundMesh"]
transform = Transform3D(0.938734, 0, -0.344643, 0, 1, 0, 0.344643, 0, 0.938734, 3.75784, 1, 28.2724)
operation = 2
size = Vector3(11.5366, 2, 4.12289)
metadata/_edit_lock_ = true

[node name="CreuxRiviere11" type="CSGBox3D" parent="GroundMesh"]
transform = Transform3D(0.766112, 0, -0.642707, 0, 1, 0, 0.642707, 0, 0.766112, 9.7103, 1, 18.3585)
operation = 2
size = Vector3(11.7325, 2, 4.12289)
metadata/_edit_lock_ = true

[node name="CreuxRiviere12" type="CSGBox3D" parent="GroundMesh"]
transform = Transform3D(0.577829, 0, -0.816158, 0, 1, 0, 0.816158, 0, 0.577829, 18.5373, 1, 11.0242)
operation = 2
size = Vector3(12.0879, 2, 2.47252)
metadata/_edit_lock_ = true

[node name="CreuxRiviere13" type="CSGBox3D" parent="GroundMesh"]
transform = Transform3D(0.449319, 0, -0.893371, 0, 1, 0, 0.893371, 0, 0.449319, 27.8235, 1, 5.52198)
operation = 2
size = Vector3(11.8235, 2, 2.27141)
metadata/_edit_lock_ = true

[node name="CreuxRiviere14" type="CSGBox3D" parent="GroundMesh"]
transform = Transform3D(0.221072, 0, -0.975257, 0, 1, 0, 0.975257, 0, 0.221072, 38.1576, 1, 1.82901)
operation = 2
size = Vector3(11.829, 2, 3.01195)
metadata/_edit_lock_ = true

[node name="CreuxRiviere15" type="CSGBox3D" parent="GroundMesh"]
transform = Transform3D(0.0948553, 0, -0.995491, 0, 1, 0, 0.995491, 0, 0.0948553, 48.7335, 1, -0.0157178)
operation = 2
size = Vector3(11.8428, 2, 2.43566)
metadata/_edit_lock_ = true

[node name="CreuxRiviere8" type="CSGBox3D" parent="GroundMesh"]
transform = Transform3D(-4.37114e-08, 0, 1, 0, 1, 0, -1, 0, -4.37114e-08, 1.73769, 1, 79.6213)
operation = 2
size = Vector3(80, 2, 12)
metadata/_edit_lock_ = true

[node name="Village" type="Node3D" parent="."]

[node name="CSGMesh3D" type="CSGMesh3D" parent="Village"]
transform = Transform3D(1, 0, 0, 0, 1, 0, 0, 0, 1, 85, 1, -20)
mesh = SubResource("BoxMesh_trfu1")
metadata/_edit_lock_ = true

[node name="CSGMesh3D2" type="CSGMesh3D" parent="Village"]
transform = Transform3D(1, 0, 0, 0, 1, 0, 0, 0, 1, 70, 1, -20)
mesh = SubResource("BoxMesh_trfu1")
metadata/_edit_lock_ = true

[node name="CSGMesh3D3" type="CSGMesh3D" parent="Village"]
transform = Transform3D(1, 0, 0, 0, 1, 0, 0, 0, 1, 55, 1, -20)
mesh = SubResource("BoxMesh_trfu1")
metadata/_edit_lock_ = true

[node name="MaisonProta" type="CSGMesh3D" parent="Village"]
transform = Transform3D(0.984808, 0, 0.173648, 0, 1, 0, -0.173648, 0, 0.984808, 38.093, 1, -18)
mesh = SubResource("BoxMesh_trfu1")
metadata/_edit_lock_ = true

[node name="CSGMesh3D" type="CSGMesh3D" parent="Village/MaisonProta"]
transform = Transform3D(1, 0, 2.98023e-08, 0, 1, 0, -2.98023e-08, 0, 1, 0, -0.1, 0)
operation = 2
mesh = SubResource("BoxMesh_trtae")
metadata/_edit_lock_ = true

[node name="CSGMesh3D2" type="CSGMesh3D" parent="Village/MaisonProta"]
transform = Transform3D(1, 0, 2.98023e-08, 0, 1, 0, -2.98023e-08, 0, 1, 2.82721, -0.75, 4.59221)
operation = 2
mesh = SubResource("BoxMesh_4u5tf")
metadata/_edit_lock_ = true

[node name="CSGMesh3D3" type="CSGMesh3D" parent="Village/MaisonProta"]
transform = Transform3D(1, 0, 2.98023e-08, 0, 1, 0, -2.98023e-08, 0, 1, -4.89335, 0.350707, 2.16385)
operation = 2
mesh = SubResource("BoxMesh_a5k5j")
metadata/_edit_lock_ = true

[node name="CSGMesh3D4" type="CSGMesh3D" parent="Village/MaisonProta"]
transform = Transform3D(1, 0, 2.98023e-08, 0, 1, 0, -2.98023e-08, 0, 1, -4.81168, 0.350707, -2.20021)
operation = 2
mesh = SubResource("BoxMesh_a5k5j")
metadata/_edit_lock_ = true

[node name="CSGMesh3D5" type="CSGMesh3D" parent="Village/MaisonProta"]
transform = Transform3D(1, 0, 2.98023e-08, 0, 1, 0, -2.98023e-08, 0, 1, 4.8126, 0.350707, -2.09109)
operation = 2
mesh = SubResource("BoxMesh_a5k5j")
metadata/_edit_lock_ = true

[node name="CSGMesh3D6" type="CSGMesh3D" parent="Village/MaisonProta"]
transform = Transform3D(1, 0, 2.98023e-08, 0, 1, 0, -2.98023e-08, 0, 1, 4.91095, 0.350707, 2.97183)
operation = 2
mesh = SubResource("BoxMesh_a5k5j")
metadata/_edit_lock_ = true

[node name="CSGMesh3D4" type="CSGMesh3D" parent="Village"]
transform = Transform3D(1, 0, 0, 0, 1, 0, 0, 0, 1, 85, 1, 20)
mesh = SubResource("BoxMesh_trfu1")
metadata/_edit_lock_ = true

[node name="CSGMesh3D5" type="CSGMesh3D" parent="Village"]
transform = Transform3D(1, 0, 0, 0, 1, 0, 0, 0, 1, 70, 1, 20)
mesh = SubResource("BoxMesh_trfu1")
metadata/_edit_lock_ = true

[node name="CSGMesh3D6" type="CSGMesh3D" parent="Village"]
transform = Transform3D(1, 0, 0, 0, 1, 0, 0, 0, 1, 55, 1, 20)
mesh = SubResource("BoxMesh_trfu1")
metadata/_edit_lock_ = true

[node name="Riviere" type="Node3D" parent="."]
transform = Transform3D(1, 0, 0, 0, 1, 0, 0, 0, 1, 0, 0.5, 0)

[node name="Riviere" type="CSGBox3D" parent="Riviere"]
transform = Transform3D(1, 0, 0, 0, 1, 0, 0, 0, 1, 74.9376, -3, 0)
size = Vector3(51.2235, 2, 12)
material = SubResource("StandardMaterial3D_cp6eg")
metadata/_edit_lock_ = true

[node name="Riviere2" type="CSGBox3D" parent="Riviere"]
transform = Transform3D(0.984808, 0, 0.173648, 0, 1, 0, -0.173648, 0, 0.984808, 43.4123, -3, 0.937003)
size = Vector3(10, 2, 12)
material = SubResource("StandardMaterial3D_cp6eg")
metadata/_edit_lock_ = true

[node name="Riviere3" type="CSGBox3D" parent="Riviere"]
transform = Transform3D(0.939693, 0, 0.34202, 0, 1, 0, -0.34202, 0, 0.939693, 32.792, -3, 3.72263)
size = Vector3(10, 2, 12)
material = SubResource("StandardMaterial3D_cp6eg")
metadata/_edit_lock_ = true

[node name="Riviere4" type="CSGBox3D" parent="Riviere"]
transform = Transform3D(0.866026, 0, 0.5, 0, 1, 0, -0.5, 0, 0.866026, 23.0034, -3, 8.33194)
size = Vector3(10, 2, 12)
material = SubResource("StandardMaterial3D_cp6eg")
metadata/_edit_lock_ = true

[node name="Riviere5" type="CSGBox3D" parent="Riviere"]
transform = Transform3D(0.766045, 0, 0.642788, 0, 1, 0, -0.642788, 0, 0.766045, 14.0584, -3, 14.6075)
size = Vector3(10, 2, 12)
material = SubResource("StandardMaterial3D_cp6eg")
metadata/_edit_lock_ = true

[node name="Riviere6" type="CSGBox3D" parent="Riviere"]
transform = Transform3D(0.5, 0, 0.866026, 0, 1, 0, -0.866026, 0, 0.5, 6.53717, -3, 23.481)
size = Vector3(10, 2, 12)
material = SubResource("StandardMaterial3D_cp6eg")
metadata/_edit_lock_ = true

[node name="Riviere7" type="CSGBox3D" parent="Riviere"]
transform = Transform3D(0.173648, 0, 0.984808, 0, 1, 0, -0.984808, 0, 0.173648, 2.68809, -3, 34.1346)
size = Vector3(10, 2, 12)
material = SubResource("StandardMaterial3D_cp6eg")
metadata/_edit_lock_ = true

[node name="Riviere9" type="CSGBox3D" parent="Riviere"]
transform = Transform3D(0.992803, 0, -0.119756, 0, 1, 0, 0.119756, 0, 0.992803, 1.62911, -3, 39.3567)
size = Vector3(11.6249, 2, 2.11243)
material = SubResource("StandardMaterial3D_cp6eg")
metadata/_edit_lock_ = true

[node name="Riviere10" type="CSGBox3D" parent="Riviere"]
transform = Transform3D(0.938734, 0, -0.344643, 0, 1, 0, 0.344643, 0, 0.938734, 3.75784, -3, 28.2724)
size = Vector3(11.5366, 2, 4.12289)
material = SubResource("StandardMaterial3D_cp6eg")
metadata/_edit_lock_ = true

[node name="Riviere11" type="CSGBox3D" parent="Riviere"]
transform = Transform3D(0.766112, 0, -0.642707, 0, 1, 0, 0.642707, 0, 0.766112, 9.7103, -3, 18.3585)
size = Vector3(11.7325, 2, 4.12289)
material = SubResource("StandardMaterial3D_cp6eg")
metadata/_edit_lock_ = true

[node name="Riviere12" type="CSGBox3D" parent="Riviere"]
transform = Transform3D(0.577829, 0, -0.816158, 0, 1, 0, 0.816158, 0, 0.577829, 18.5373, -3, 11.0242)
size = Vector3(12.0879, 2, 2.47252)
material = SubResource("StandardMaterial3D_cp6eg")
metadata/_edit_lock_ = true

[node name="Riviere13" type="CSGBox3D" parent="Riviere"]
transform = Transform3D(0.449319, 0, -0.893371, 0, 1, 0, 0.893371, 0, 0.449319, 27.8235, -3, 5.52198)
size = Vector3(11.8235, 2, 2.27141)
material = SubResource("StandardMaterial3D_cp6eg")
metadata/_edit_lock_ = true

[node name="Riviere14" type="CSGBox3D" parent="Riviere"]
transform = Transform3D(0.221072, 0, -0.975257, 0, 1, 0, 0.975257, 0, 0.221072, 38.1576, -3, 1.82901)
size = Vector3(11.829, 2, 3.01195)
material = SubResource("StandardMaterial3D_cp6eg")
metadata/_edit_lock_ = true

[node name="Riviere15" type="CSGBox3D" parent="Riviere"]
transform = Transform3D(0.0948553, 0, -0.995491, 0, 1, 0, 0.995491, 0, 0.0948553, 48.7335, -3, -0.0157178)
size = Vector3(11.8428, 2, 2.43566)
material = SubResource("StandardMaterial3D_cp6eg")
metadata/_edit_lock_ = true

[node name="Riviere8" type="CSGBox3D" parent="Riviere"]
transform = Transform3D(-4.37114e-08, 0, 1, 0, 1, 0, -1, 0, -4.37114e-08, 1.73769, -3, 79.6213)
size = Vector3(80, 2, 12)
material = SubResource("StandardMaterial3D_cp6eg")
metadata/_edit_lock_ = true

[node name="Riviere16" type="CSGBox3D" parent="Riviere"]
transform = Transform3D(1.91069e-15, 4.37114e-08, 1, 1, -4.37114e-08, 0, 4.37114e-08, 1, -4.37114e-08, 1.738, -11.6254, 48)
size = Vector3(62.7491, 2, 12)
material = SubResource("StandardMaterial3D_cp6eg")
metadata/_edit_lock_ = true

[node name="Grotte" type="Node3D" parent="."]
transform = Transform3D(1, 0, 0, 0, 1, 0, 0, 0, 1, 0, 0, 89.0938)

[node name="CSGMesh3D" type="CSGMesh3D" parent="Grotte"]
transform = Transform3D(1, 0, 0, 0, 1, 0, 0, 0, 1, 0, 9, -15.306)
mesh = SubResource("BoxMesh_7hdot")
metadata/_edit_lock_ = true

[node name="CSGMesh3D2" type="CSGMesh3D" parent="Grotte/CSGMesh3D"]
transform = Transform3D(1, 0, 0, 0, 1, 0, 0, 0, 1, 0, -1, 0)
operation = 2
mesh = SubResource("BoxMesh_4x2kk")

[node name="CSGMesh3D" type="CSGMesh3D" parent="Grotte/CSGMesh3D"]
transform = Transform3D(1, 0, 0, 0, 1, 0, 0, 0, 1, 2, -3.5, -24)
operation = 2
mesh = SubResource("BoxMesh_dvi3y")

[node name="Urbex" type="Node3D" parent="."]
transform = Transform3D(1, 0, 0, 0, 1, 0, 0, 0, 1, -64.4189, 0, -33.5214)

[node name="CSGMesh3D" type="CSGMesh3D" parent="Urbex"]
transform = Transform3D(0.906308, 0, -0.422618, 0, 1, 0, 0.422618, 0, 0.906308, 0, 3.5, 0)
mesh = SubResource("BoxMesh_tdvo5")
metadata/_edit_lock_ = true

[node name="CSGMesh3D2" type="CSGMesh3D" parent="Urbex/CSGMesh3D"]
transform = Transform3D(1, 0, 0, 0, 1, 0, 0, 0, 1, 0, -0.5, 0)
operation = 2
mesh = SubResource("BoxMesh_fsmeh")

[node name="CSGMesh3D3" type="CSGMesh3D" parent="Urbex/CSGMesh3D"]
transform = Transform3D(1, 0, 0, 0, 1, 0, 0, 0, 1, 13, -2, 0)
operation = 2
mesh = SubResource("BoxMesh_uiy7j")

[node name="Arbre" type="Node3D" parent="."]

[node name="CSGMesh3D" type="CSGMesh3D" parent="Arbre"]
transform = Transform3D(1, 0, 0, 0, 1, 0, 0, 0, 1, 0, 2.5, -30.8319)
use_collision = true
mesh = SubResource("BoxMesh_pk447")
metadata/_edit_lock_ = true

[node name="CSGMesh3D2" type="CSGMesh3D" parent="Arbre"]
transform = Transform3D(1, 0, 0, 0, 1, 0, 0, 0, 1, 4.8248, 2.5, -34.0299)
use_collision = true
mesh = SubResource("BoxMesh_pk447")
metadata/_edit_lock_ = true

[node name="CSGMesh3D3" type="CSGMesh3D" parent="Arbre"]
transform = Transform3D(1, 0, 0, 0, 1, 0, 0, 0, 1, -4.95787, 2.5, -34.0299)
use_collision = true
mesh = SubResource("BoxMesh_pk447")
metadata/_edit_lock_ = true

[node name="CSGMesh3D4" type="CSGMesh3D" parent="Arbre"]
transform = Transform3D(1, 0, 0, 0, 1, 0, 0, 0, 1, -8.82438, 2.5, -40.2583)
use_collision = true
mesh = SubResource("BoxMesh_pk447")
metadata/_edit_lock_ = true

[node name="CSGMesh3D5" type="CSGMesh3D" parent="Arbre"]
transform = Transform3D(-0.778714, 0, 0.627379, 0, 1, 0, -0.627379, 0, -0.778714, -4.40211, 2.5, -52.3556)
use_collision = true
mesh = SubResource("BoxMesh_pk447")
metadata/_edit_lock_ = true

[node name="CSGMesh3D6" type="CSGMesh3D" parent="Arbre"]
transform = Transform3D(-0.778714, 0, 0.627379, 0, 1, 0, -0.627379, 0, -0.778714, -10.1656, 2.5, -52.8922)
use_collision = true
mesh = SubResource("BoxMesh_pk447")
metadata/_edit_lock_ = true

[node name="CSGMesh3D7" type="CSGMesh3D" parent="Arbre"]
transform = Transform3D(-0.778714, 0, 0.627379, 0, 1, 0, -0.627379, 0, -0.778714, -2.54772, 2.5, -46.7548)
use_collision = true
mesh = SubResource("BoxMesh_pk447")
metadata/_edit_lock_ = true

[node name="CSGMesh3D8" type="CSGMesh3D" parent="Arbre"]
transform = Transform3D(-0.778714, 0, 0.627379, 0, 1, 0, -0.627379, 0, -0.778714, -3.44436, 2.5, -39.4789)
use_collision = true
mesh = SubResource("BoxMesh_pk447")
metadata/_edit_lock_ = true

[node name="CSGMesh3D9" type="CSGMesh3D" parent="Arbre"]
transform = Transform3D(0.230916, 0, 0.972974, 0, 1, 0, -0.972974, 0, 0.230916, 11.9983, 2.5, -49.1358)
use_collision = true
mesh = SubResource("BoxMesh_pk447")
metadata/_edit_lock_ = true

[node name="CSGMesh3D10" type="CSGMesh3D" parent="Arbre"]
transform = Transform3D(0.230916, 0, 0.972974, 0, 1, 0, -0.972974, 0, 0.230916, 10.0008, 2.5, -54.5687)
use_collision = true
mesh = SubResource("BoxMesh_pk447")
metadata/_edit_lock_ = true

[node name="CSGMesh3D11" type="CSGMesh3D" parent="Arbre"]
transform = Transform3D(0.230916, 0, 0.972974, 0, 1, 0, -0.972974, 0, 0.230916, 7.74185, 2.5, -45.0504)
use_collision = true
mesh = SubResource("BoxMesh_pk447")
metadata/_edit_lock_ = true

[node name="CSGMesh3D12" type="CSGMesh3D" parent="Arbre"]
transform = Transform3D(0.230916, 0, 0.972974, 0, 1, 0, -0.972974, 0, 0.230916, 0.788978, 2.5, -42.7266)
use_collision = true
mesh = SubResource("BoxMesh_pk447")
metadata/_edit_lock_ = true

[node name="CSGMesh3D13" type="CSGMesh3D" parent="Arbre"]
transform = Transform3D(0.520652, 0, -0.853769, 0, 1, 0, 0.853769, 0, 0.520652, 13.0803, 2.5, -33.094)
use_collision = true
mesh = SubResource("BoxMesh_pk447")
metadata/_edit_lock_ = true

[node name="CSGMesh3D14" type="CSGMesh3D" parent="Arbre"]
transform = Transform3D(0.520652, 0, -0.853769, 0, 1, 0, 0.853769, 0, 0.520652, 18.3227, 2.5, -30.6398)
use_collision = true
mesh = SubResource("BoxMesh_pk447")
metadata/_edit_lock_ = true

[node name="CSGMesh3D15" type="CSGMesh3D" parent="Arbre"]
transform = Transform3D(0.520652, 0, -0.853769, 0, 1, 0, 0.853769, 0, 0.520652, 13.2294, 2.5, -38.992)
use_collision = true
mesh = SubResource("BoxMesh_pk447")
metadata/_edit_lock_ = true

[node name="CSGMesh3D16" type="CSGMesh3D" parent="Arbre"]
transform = Transform3D(0.520652, 0, -0.853769, 0, 1, 0, 0.853769, 0, 0.520652, 16.5338, 2.5, -45.5359)
use_collision = true
mesh = SubResource("BoxMesh_pk447")
metadata/_edit_lock_ = true

[node name="CSGMesh3D17" type="CSGMesh3D" parent="Arbre"]
transform = Transform3D(0.130197, 0, 0.991488, 0, 1, 0, -0.991488, 0, 0.130197, 29.1646, 2.5, -48.0588)
use_collision = true
mesh = SubResource("BoxMesh_pk447")
metadata/_edit_lock_ = true

[node name="CSGMesh3D18" type="CSGMesh3D" parent="Arbre"]
transform = Transform3D(0.130197, 0, 0.991488, 0, 1, 0, -0.991488, 0, 0.130197, 26.622, 2.5, -53.2589)
use_collision = true
mesh = SubResource("BoxMesh_pk447")
metadata/_edit_lock_ = true

[node name="CSGMesh3D19" type="CSGMesh3D" parent="Arbre"]
transform = Transform3D(0.130197, 0, 0.991488, 0, 1, 0, -0.991488, 0, 0.130197, 25.3483, 2.5, -43.5595)
use_collision = true
mesh = SubResource("BoxMesh_pk447")
metadata/_edit_lock_ = true

[node name="CSGMesh3D20" type="CSGMesh3D" parent="Arbre"]
transform = Transform3D(0.130197, 0, 0.991488, 0, 1, 0, -0.991488, 0, 0.130197, 18.6695, 2.5, -40.5368)
use_collision = true
mesh = SubResource("BoxMesh_pk447")
metadata/_edit_lock_ = true

[node name="CSGMesh3D21" type="CSGMesh3D" parent="Arbre"]
transform = Transform3D(0.950922, 0, 0.309432, 0, 1, 0, -0.309432, 0, 0.950922, 34.9545, 2.5, -32.3802)
use_collision = true
mesh = SubResource("BoxMesh_pk447")
metadata/_edit_lock_ = true

[node name="CSGMesh3D22" type="CSGMesh3D" parent="Arbre"]
transform = Transform3D(0.950922, 0, 0.309432, 0, 1, 0, -0.309432, 0, 0.950922, 38.553, 2.5, -36.9142)
use_collision = true
mesh = SubResource("BoxMesh_pk447")
metadata/_edit_lock_ = true

[node name="CSGMesh3D23" type="CSGMesh3D" parent="Arbre"]
transform = Transform3D(0.950922, 0, 0.309432, 0, 1, 0, -0.309432, 0, 0.950922, 29.2504, 2.5, -33.8871)
use_collision = true
mesh = SubResource("BoxMesh_pk447")
metadata/_edit_lock_ = true

[node name="CSGMesh3D24" type="CSGMesh3D" parent="Arbre"]
transform = Transform3D(0.950922, 0, 0.309432, 0, 1, 0, -0.309432, 0, 0.950922, 23.6464, 2.5, -38.6134)
use_collision = true
mesh = SubResource("BoxMesh_pk447")
metadata/_edit_lock_ = true

[node name="CSGMesh3D25" type="CSGMesh3D" parent="Arbre"]
transform = Transform3D(-0.648811, 0, 0.76095, 0, 1, 0, -0.76095, 0, -0.648811, 33.6496, 2.5, -72.4915)
use_collision = true
mesh = SubResource("BoxMesh_pk447")
metadata/_edit_lock_ = true

[node name="CSGMesh3D26" type="CSGMesh3D" parent="Arbre"]
transform = Transform3D(-0.648811, 0, 0.76095, 0, 1, 0, -0.76095, 0, -0.648811, 28.0857, 2.5, -74.0881)
use_collision = true
mesh = SubResource("BoxMesh_pk447")
metadata/_edit_lock_ = true

[node name="CSGMesh3D27" type="CSGMesh3D" parent="Arbre"]
transform = Transform3D(-0.648811, 0, 0.76095, 0, 1, 0, -0.76095, 0, -0.648811, 34.4328, 2.5, -66.644)
use_collision = true
mesh = SubResource("BoxMesh_pk447")
metadata/_edit_lock_ = true

[node name="CSGMesh3D28" type="CSGMesh3D" parent="Arbre"]
transform = Transform3D(-0.648811, 0, 0.76095, 0, 1, 0, -0.76095, 0, -0.648811, 32.202, 2.5, -59.6607)
use_collision = true
mesh = SubResource("BoxMesh_pk447")
metadata/_edit_lock_ = true

[node name="CSGMesh3D29" type="CSGMesh3D" parent="Arbre"]
transform = Transform3D(0.0278345, 0, -0.999613, 0, 1, 0, 0.999613, 0, 0.0278345, 20.1273, 2.5, -55.177)
use_collision = true
mesh = SubResource("BoxMesh_pk447")
metadata/_edit_lock_ = true

[node name="CSGMesh3D30" type="CSGMesh3D" parent="Arbre"]
transform = Transform3D(0.0278345, 0, -0.999613, 0, 1, 0, 0.999613, 0, 0.0278345, 23.4584, 2.5, -50.4431)
use_collision = true
mesh = SubResource("BoxMesh_pk447")
metadata/_edit_lock_ = true

[node name="CSGMesh3D31" type="CSGMesh3D" parent="Arbre"]
transform = Transform3D(0.0278345, 0, -0.999613, 0, 1, 0, 0.999613, 0, 0.0278345, 23.1861, 2.5, -60.2219)
use_collision = true
mesh = SubResource("BoxMesh_pk447")
metadata/_edit_lock_ = true

[node name="CSGMesh3D32" type="CSGMesh3D" parent="Arbre"]
transform = Transform3D(0.0278345, 0, -0.999613, 0, 1, 0, 0.999613, 0, 0.0278345, 29.3044, 2.5, -64.2603)
use_collision = true
mesh = SubResource("BoxMesh_pk447")
metadata/_edit_lock_ = true

[node name="CSGMesh3D33" type="CSGMesh3D" parent="Arbre"]
transform = Transform3D(-0.890205, 0, -0.455561, 0, 1, 0, 0.455561, 0, -0.890205, 11.9366, 2.5, -69.7459)
use_collision = true
mesh = SubResource("BoxMesh_pk447")
metadata/_edit_lock_ = true

[node name="CSGMesh3D34" type="CSGMesh3D" parent="Arbre"]
transform = Transform3D(-0.890205, 0, -0.455561, 0, 1, 0, 0.455561, 0, -0.890205, 9.09849, 2.5, -64.701)
use_collision = true
mesh = SubResource("BoxMesh_pk447")
metadata/_edit_lock_ = true

[node name="CSGMesh3D35" type="CSGMesh3D" parent="Arbre"]
transform = Transform3D(-0.890205, 0, -0.455561, 0, 1, 0, 0.455561, 0, -0.890205, 17.8071, 2.5, -69.1576)
use_collision = true
mesh = SubResource("BoxMesh_pk447")
metadata/_edit_lock_ = true

[node name="CSGMesh3D36" type="CSGMesh3D" parent="Arbre"]
transform = Transform3D(-0.890205, 0, -0.455561, 0, 1, 0, 0.455561, 0, -0.890205, 24.0864, 2.5, -65.3745)
use_collision = true
mesh = SubResource("BoxMesh_pk447")
metadata/_edit_lock_ = true

[node name="CSGMesh3D37" type="CSGMesh3D" parent="Arbre"]
transform = Transform3D(-0.885856, 0, 0.463961, 0, 1, 0, -0.463961, 0, -0.885856, 82.7375, 2.5, -65.4913)
use_collision = true
mesh = SubResource("BoxMesh_pk447")
metadata/_edit_lock_ = true

[node name="CSGMesh3D38" type="CSGMesh3D" parent="Arbre"]
transform = Transform3D(-0.885856, 0, 0.463961, 0, 1, 0, -0.463961, 0, -0.885856, 76.9797, 2.5, -64.8969)
use_collision = true
mesh = SubResource("BoxMesh_pk447")
metadata/_edit_lock_ = true

[node name="CSGMesh3D39" type="CSGMesh3D" parent="Arbre"]
transform = Transform3D(-0.885856, 0, 0.463961, 0, 1, 0, -0.463961, 0, -0.885856, 85.6457, 2.5, -60.3581)
use_collision = true
mesh = SubResource("BoxMesh_pk447")
metadata/_edit_lock_ = true

[node name="CSGMesh3D40" type="CSGMesh3D" parent="Arbre"]
transform = Transform3D(-0.885856, 0, 0.463961, 0, 1, 0, -0.463961, 0, -0.885856, 86.1811, 2.5, -53.0468)
use_collision = true
mesh = SubResource("BoxMesh_pk447")
metadata/_edit_lock_ = true

[node name="CSGMesh3D41" type="CSGMesh3D" parent="Arbre"]
transform = Transform3D(0.398749, 0, -0.91706, 0, 1, 0, 0.91706, 0, 0.398749, 76.651, 2.5, -44.3821)
use_collision = true
mesh = SubResource("BoxMesh_pk447")
metadata/_edit_lock_ = true

[node name="CSGMesh3D42" type="CSGMesh3D" parent="Arbre"]
transform = Transform3D(0.398749, 0, -0.91706, 0, 1, 0, 0.91706, 0, 0.398749, 81.5077, 2.5, -41.2327)
use_collision = true
mesh = SubResource("BoxMesh_pk447")
metadata/_edit_lock_ = true

[node name="CSGMesh3D43" type="CSGMesh3D" parent="Arbre"]
transform = Transform3D(0.398749, 0, -0.91706, 0, 1, 0, 0.91706, 0, 0.398749, 77.6068, 2.5, -50.2039)
use_collision = true
mesh = SubResource("BoxMesh_pk447")
metadata/_edit_lock_ = true

[node name="CSGMesh3D44" type="CSGMesh3D" parent="Arbre"]
transform = Transform3D(0.398749, 0, -0.91706, 0, 1, 0, 0.91706, 0, 0.398749, 81.7768, 2.5, -56.2333)
use_collision = true
mesh = SubResource("BoxMesh_pk447")
metadata/_edit_lock_ = true

[node name="CSGMesh3D45" type="CSGMesh3D" parent="Arbre"]
transform = Transform3D(-0.65598, 0, -0.754778, 0, 1, 0, 0.754778, 0, -0.65598, 63.6165, 2.5, -54.8435)
use_collision = true
mesh = SubResource("BoxMesh_pk447")
metadata/_edit_lock_ = true

[node name="CSGMesh3D46" type="CSGMesh3D" parent="Arbre"]
transform = Transform3D(-0.65598, 0, -0.754778, 0, 1, 0, 0.754778, 0, -0.65598, 62.8653, 2.5, -49.104)
use_collision = true
mesh = SubResource("BoxMesh_pk447")
metadata/_edit_lock_ = true

[node name="CSGMesh3D47" type="CSGMesh3D" parent="Arbre"]
transform = Transform3D(-0.65598, 0, -0.754778, 0, 1, 0, 0.754778, 0, -0.65598, 69.2825, 2.5, -56.4877)
use_collision = true
mesh = SubResource("BoxMesh_pk447")
metadata/_edit_lock_ = true

[node name="CSGMesh3D48" type="CSGMesh3D" parent="Arbre"]
transform = Transform3D(-0.65598, 0, -0.754778, 0, 1, 0, 0.754778, 0, -0.65598, 76.5199, 2.5, -55.3204)
use_collision = true
mesh = SubResource("BoxMesh_pk447")
metadata/_edit_lock_ = true

[node name="CSGMesh3D49" type="CSGMesh3D" parent="Arbre"]
transform = Transform3D(-0.065107, 0, 0.997878, 0, 1, 0, -0.997878, 0, -0.065107, 70.1007, 2.5, -69.5562)
use_collision = true
mesh = SubResource("BoxMesh_pk447")
metadata/_edit_lock_ = true

[node name="CSGMesh3D50" type="CSGMesh3D" parent="Arbre"]
transform = Transform3D(-0.065107, 0, 0.997878, 0, 1, 0, -0.997878, 0, -0.065107, 66.5953, 2.5, -74.1626)
use_collision = true
mesh = SubResource("BoxMesh_pk447")
metadata/_edit_lock_ = true

[node name="CSGMesh3D51" type="CSGMesh3D" parent="Arbre"]
transform = Transform3D(-0.065107, 0, 0.997878, 0, 1, 0, -0.997878, 0, -0.065107, 67.2323, 2.5, -64.4007)
use_collision = true
mesh = SubResource("BoxMesh_pk447")
metadata/_edit_lock_ = true

[node name="CSGMesh3D52" type="CSGMesh3D" parent="Arbre"]
transform = Transform3D(-0.065107, 0, 0.997878, 0, 1, 0, -0.997878, 0, -0.065107, 61.2688, 2.5, -60.1368)
use_collision = true
mesh = SubResource("BoxMesh_pk447")
metadata/_edit_lock_ = true

[node name="CSGMesh3D53" type="CSGMesh3D" parent="Arbre"]
transform = Transform3D(-0.575348, 0, -0.817909, 0, 1, 0, 0.817909, 0, -0.575348, 48.9093, 2.5, -63.7621)
use_collision = true
mesh = SubResource("BoxMesh_pk447")
metadata/_edit_lock_ = true

[node name="CSGMesh3D54" type="CSGMesh3D" parent="Arbre"]
transform = Transform3D(-0.575348, 0, -0.817909, 0, 1, 0, 0.817909, 0, -0.575348, 48.7491, 2.5, -57.9759)
use_collision = true
mesh = SubResource("BoxMesh_pk447")
metadata/_edit_lock_ = true

[node name="CSGMesh3D55" type="CSGMesh3D" parent="Arbre"]
transform = Transform3D(-0.575348, 0, -0.817909, 0, 1, 0, 0.817909, 0, -0.575348, 54.3775, 2.5, -65.9772)
use_collision = true
mesh = SubResource("BoxMesh_pk447")
metadata/_edit_lock_ = true

[node name="CSGMesh3D56" type="CSGMesh3D" parent="Arbre"]
transform = Transform3D(-0.575348, 0, -0.817909, 0, 1, 0, 0.817909, 0, -0.575348, 61.6963, 2.5, -65.5562)
use_collision = true
mesh = SubResource("BoxMesh_pk447")
metadata/_edit_lock_ = true

[node name="CSGMesh3D57" type="CSGMesh3D" parent="Arbre"]
transform = Transform3D(-0.985944, 0, 0.167078, 0, 1, 0, -0.167078, 0, -0.985944, 51.0545, 2.5, -80.3373)
use_collision = true
mesh = SubResource("BoxMesh_pk447")
metadata/_edit_lock_ = true

[node name="CSGMesh3D58" type="CSGMesh3D" parent="Arbre"]
transform = Transform3D(-0.985944, 0, 0.167078, 0, 1, 0, -0.167078, 0, -0.985944, 45.7632, 2.5, -77.9904)
use_collision = true
mesh = SubResource("BoxMesh_pk447")
metadata/_edit_lock_ = true

[node name="CSGMesh3D59" type="CSGMesh3D" parent="Arbre"]
transform = Transform3D(-0.985944, 0, 0.167078, 0, 1, 0, -0.167078, 0, -0.985944, 55.4083, 2.5, -76.3559)
use_collision = true
mesh = SubResource("BoxMesh_pk447")
metadata/_edit_lock_ = true

[node name="CSGMesh3D60" type="CSGMesh3D" parent="Arbre"]
transform = Transform3D(-0.985944, 0, 0.167078, 0, 1, 0, -0.167078, 0, -0.985944, 58.1799, 2.5, -69.5691)
use_collision = true
mesh = SubResource("BoxMesh_pk447")
metadata/_edit_lock_ = true

[node name="CSGMesh3D61" type="CSGMesh3D" parent="Arbre"]
transform = Transform3D(0.221702, 0, -0.975115, 0, 1, 0, 0.975115, 0, 0.221702, 33.6004, 2.5, -44.199)
use_collision = true
mesh = SubResource("BoxMesh_pk447")
metadata/_edit_lock_ = true

[node name="CSGMesh3D62" type="CSGMesh3D" parent="Arbre"]
transform = Transform3D(0.221702, 0, -0.975115, 0, 1, 0, 0.975115, 0, 0.221702, 37.7885, 2.5, -40.2033)
use_collision = true
mesh = SubResource("BoxMesh_pk447")
metadata/_edit_lock_ = true

[node name="CSGMesh3D63" type="CSGMesh3D" parent="Arbre"]
transform = Transform3D(0.221702, 0, -0.975115, 0, 1, 0, 0.975115, 0, 0.221702, 35.6196, 2.5, -49.7425)
use_collision = true
mesh = SubResource("BoxMesh_pk447")
metadata/_edit_lock_ = true

[node name="CSGMesh3D64" type="CSGMesh3D" parent="Arbre"]
transform = Transform3D(0.221702, 0, -0.975115, 0, 1, 0, 0.975115, 0, 0.221702, 40.8358, 2.5, -54.8937)
use_collision = true
mesh = SubResource("BoxMesh_pk447")
metadata/_edit_lock_ = true

[node name="CSGMesh3D65" type="CSGMesh3D" parent="Arbre"]
transform = Transform3D(0.439124, 0, 0.898427, 0, 1, 0, -0.898427, 0, 0.439124, 53.6125, 2.5, -53.2634)
use_collision = true
mesh = SubResource("BoxMesh_pk447")
metadata/_edit_lock_ = true

[node name="CSGMesh3D66" type="CSGMesh3D" parent="Arbre"]
transform = Transform3D(0.439124, 0, 0.898427, 0, 1, 0, -0.898427, 0, 0.439124, 52.8579, 2.5, -59.0025)
use_collision = true
mesh = SubResource("BoxMesh_pk447")
metadata/_edit_lock_ = true

[node name="CSGMesh3D67" type="CSGMesh3D" parent="Arbre"]
transform = Transform3D(0.439124, 0, 0.898427, 0, 1, 0, -0.898427, 0, 0.439124, 48.5621, 2.5, -50.2135)
use_collision = true
mesh = SubResource("BoxMesh_pk447")
metadata/_edit_lock_ = true

[node name="CSGMesh3D68" type="CSGMesh3D" parent="Arbre"]
transform = Transform3D(0.439124, 0, 0.898427, 0, 1, 0, -0.898427, 0, 0.439124, 41.2685, 2.5, -49.4747)
use_collision = true
mesh = SubResource("BoxMesh_pk447")
metadata/_edit_lock_ = true

[node name="CSGMesh3D69" type="CSGMesh3D" parent="Arbre"]
transform = Transform3D(0.999955, 0, -0.00945947, 0, 1, 0, 0.00945947, 0, 0.999955, 54.1088, 2.5, -36.5573)
use_collision = true
mesh = SubResource("BoxMesh_pk447")
metadata/_edit_lock_ = true

[node name="CSGMesh3D70" type="CSGMesh3D" parent="Arbre"]
transform = Transform3D(0.999955, 0, -0.00945947, 0, 1, 0, 0.00945947, 0, 0.999955, 58.9636, 2.5, -39.7096)
use_collision = true
mesh = SubResource("BoxMesh_pk447")
metadata/_edit_lock_ = true

[node name="CSGMesh3D71" type="CSGMesh3D" parent="Arbre"]
transform = Transform3D(0.999955, 0, -0.00945947, 0, 1, 0, 0.00945947, 0, 0.999955, 49.1814, 2.5, -39.8021)
use_collision = true
mesh = SubResource("BoxMesh_pk447")
metadata/_edit_lock_ = true

[node name="CSGMesh3D72" type="CSGMesh3D" parent="Arbre"]
transform = Transform3D(0.999955, 0, -0.00945947, 0, 1, 0, 0.00945947, 0, 0.999955, 45.374, 2.5, -46.0668)
use_collision = true
mesh = SubResource("BoxMesh_pk447")
metadata/_edit_lock_ = true

[node name="CSGMesh3D73" type="CSGMesh3D" parent="Arbre"]
transform = Transform3D(-0.97746, 0, 0.21112, 0, 1, 0, -0.21112, 0, -0.97746, -3.49578, 2.5, -81.8368)
use_collision = true
mesh = SubResource("BoxMesh_pk447")
metadata/_edit_lock_ = true

[node name="CSGMesh3D74" type="CSGMesh3D" parent="Arbre"]
transform = Transform3D(-0.97746, 0, 0.21112, 0, 1, 0, -0.21112, 0, -0.97746, -8.88699, 2.5, -79.7295)
use_collision = true
mesh = SubResource("BoxMesh_pk447")
metadata/_edit_lock_ = true

[node name="CSGMesh3D75" type="CSGMesh3D" parent="Arbre"]
transform = Transform3D(-0.97746, 0, 0.21112, 0, 1, 0, -0.21112, 0, -0.97746, 0.675184, 2.5, -77.6642)
use_collision = true
mesh = SubResource("BoxMesh_pk447")
metadata/_edit_lock_ = true

[node name="CSGMesh3D76" type="CSGMesh3D" parent="Arbre"]
transform = Transform3D(-0.97746, 0, 0.21112, 0, 1, 0, -0.21112, 0, -0.97746, 3.13961, 2.5, -70.7599)
use_collision = true
mesh = SubResource("BoxMesh_pk447")
metadata/_edit_lock_ = true

[node name="CSGMesh3D77" type="CSGMesh3D" parent="Arbre"]
transform = Transform3D(0.62871, 0, -0.77764, 0, 1, 0, 0.77764, 0, 0.62871, -3.73696, 2.5, -59.8689)
use_collision = true
mesh = SubResource("BoxMesh_pk447")
metadata/_edit_lock_ = true

[node name="CSGMesh3D78" type="CSGMesh3D" parent="Arbre"]
transform = Transform3D(0.62871, 0, -0.77764, 0, 1, 0, 0.77764, 0, 0.62871, 1.78334, 2.5, -58.1276)
use_collision = true
mesh = SubResource("BoxMesh_pk447")
metadata/_edit_lock_ = true

[node name="CSGMesh3D79" type="CSGMesh3D" parent="Arbre"]
transform = Transform3D(0.62871, 0, -0.77764, 0, 1, 0, 0.77764, 0, 0.62871, -4.36711, 2.5, -65.735)
use_collision = true
mesh = SubResource("BoxMesh_pk447")
metadata/_edit_lock_ = true

[node name="CSGMesh3D80" type="CSGMesh3D" parent="Arbre"]
transform = Transform3D(0.62871, 0, -0.77764, 0, 1, 0, 0.77764, 0, 0.62871, -1.95459, 2.5, -72.6576)
use_collision = true
mesh = SubResource("BoxMesh_pk447")
metadata/_edit_lock_ = true

[node name="CSGMesh3D81" type="CSGMesh3D" parent="Arbre"]
transform = Transform3D(-0.431125, 0, -0.902292, 0, 1, 0, 0.902292, 0, -0.431125, -19.0879, 2.5, -66.4786)
use_collision = true
mesh = SubResource("BoxMesh_pk447")
metadata/_edit_lock_ = true

[node name="CSGMesh3D82" type="CSGMesh3D" parent="Arbre"]
transform = Transform3D(-0.431125, 0, -0.902292, 0, 1, 0, 0.902292, 0, -0.431125, -18.2825, 2.5, -60.7465)
use_collision = true
mesh = SubResource("BoxMesh_pk447")
metadata/_edit_lock_ = true

[node name="CSGMesh3D83" type="CSGMesh3D" parent="Arbre"]
transform = Transform3D(-0.431125, 0, -0.902292, 0, 1, 0, 0.902292, 0, -0.431125, -14.0649, 2.5, -69.5733)
use_collision = true
mesh = SubResource("BoxMesh_pk447")
metadata/_edit_lock_ = true

[node name="CSGMesh3D84" type="CSGMesh3D" parent="Arbre"]
transform = Transform3D(-0.431125, 0, -0.902292, 0, 1, 0, 0.902292, 0, -0.431125, -6.77817, 2.5, -70.3768)
use_collision = true
mesh = SubResource("BoxMesh_pk447")
metadata/_edit_lock_ = true

[node name="CSGMesh3D85" type="CSGMesh3D" parent="Arbre"]
transform = Transform3D(-0.328669, 0, 0.944445, 0, 1, 0, -0.944445, 0, -0.328669, -16.7588, 2.5, -82.3872)
use_collision = true
mesh = SubResource("BoxMesh_pk447")
metadata/_edit_lock_ = true

[node name="CSGMesh3D86" type="CSGMesh3D" parent="Arbre"]
transform = Transform3D(-0.328669, 0, 0.944445, 0, 1, 0, -0.944445, 0, -0.328669, -21.3649, 2.5, -85.8929)
use_collision = true
mesh = SubResource("BoxMesh_pk447")
metadata/_edit_lock_ = true

[node name="CSGMesh3D87" type="CSGMesh3D" parent="Arbre"]
transform = Transform3D(-0.328669, 0, 0.944445, 0, 1, 0, -0.944445, 0, -0.328669, -18.1497, 2.5, -76.6537)
use_collision = true
mesh = SubResource("BoxMesh_pk447")
metadata/_edit_lock_ = true

[node name="CSGMesh3D88" type="CSGMesh3D" parent="Arbre"]
transform = Transform3D(-0.328669, 0, 0.944445, 0, 1, 0, -0.944445, 0, -0.328669, -22.7612, 2.5, -70.9549)
use_collision = true
mesh = SubResource("BoxMesh_pk447")
metadata/_edit_lock_ = true

[node name="CSGMesh3D89" type="CSGMesh3D" parent="Arbre"]
transform = Transform3D(-0.336586, 0, -0.941653, 0, 1, 0, 0.941653, 0, -0.336586, -35.6399, 2.5, -71.1555)
use_collision = true
mesh = SubResource("BoxMesh_pk447")
metadata/_edit_lock_ = true

[node name="CSGMesh3D90" type="CSGMesh3D" parent="Arbre"]
transform = Transform3D(-0.336586, 0, -0.941653, 0, 1, 0, 0.941653, 0, -0.336586, -34.2524, 2.5, -65.5358)
use_collision = true
mesh = SubResource("BoxMesh_pk447")
metadata/_edit_lock_ = true

[node name="CSGMesh3D91" type="CSGMesh3D" parent="Arbre"]
transform = Transform3D(-0.336586, 0, -0.941653, 0, 1, 0, 0.941653, 0, -0.336586, -30.9597, 2.5, -74.7477)
use_collision = true
mesh = SubResource("BoxMesh_pk447")
metadata/_edit_lock_ = true

[node name="CSGMesh3D92" type="CSGMesh3D" parent="Arbre"]
transform = Transform3D(-0.336586, 0, -0.941653, 0, 1, 0, 0.941653, 0, -0.336586, -23.7934, 2.5, -76.2922)
use_collision = true
mesh = SubResource("BoxMesh_pk447")
metadata/_edit_lock_ = true

[node name="CSGMesh3D93" type="CSGMesh3D" parent="Arbre"]
transform = Transform3D(-0.994815, 0, -0.101699, 0, 1, 0, 0.101699, 0, -0.994815, -37.9893, 2.5, -87.7031)
use_collision = true
mesh = SubResource("BoxMesh_pk447")
metadata/_edit_lock_ = true

[node name="CSGMesh3D94" type="CSGMesh3D" parent="Arbre"]
transform = Transform3D(-0.994815, 0, -0.101699, 0, 1, 0, 0.101699, 0, -0.994815, -42.4639, 2.5, -84.0309)
use_collision = true
mesh = SubResource("BoxMesh_pk447")
metadata/_edit_lock_ = true

[node name="CSGMesh3D95" type="CSGMesh3D" parent="Arbre"]
transform = Transform3D(-0.994815, 0, -0.101699, 0, 1, 0, 0.101699, 0, -0.994815, -32.7319, 2.5, -85.0258)
use_collision = true
mesh = SubResource("BoxMesh_pk447")
metadata/_edit_lock_ = true

[node name="CSGMesh3D96" type="CSGMesh3D" parent="Arbre"]
transform = Transform3D(-0.994815, 0, -0.101699, 0, 1, 0, 0.101699, 0, -0.994815, -28.252, 2.5, -79.223)
use_collision = true
mesh = SubResource("BoxMesh_pk447")
metadata/_edit_lock_ = true

[node name="CSGMesh3D97" type="CSGMesh3D" parent="Arbre"]
transform = Transform3D(0.473535, 0, -0.880775, 0, 1, 0, 0.880775, 0, 0.473535, -45.1821, 2.5, -48.2203)
use_collision = true
mesh = SubResource("BoxMesh_pk447")
metadata/_edit_lock_ = true

[node name="CSGMesh3D98" type="CSGMesh3D" parent="Arbre"]
transform = Transform3D(0.473535, 0, -0.880775, 0, 1, 0, 0.880775, 0, 0.473535, -40.0807, 2.5, -45.4851)
use_collision = true
mesh = SubResource("BoxMesh_pk447")
metadata/_edit_lock_ = true

[node name="CSGMesh3D99" type="CSGMesh3D" parent="Arbre"]
transform = Transform3D(0.473535, 0, -0.880775, 0, 1, 0, 0.880775, 0, 0.473535, -44.7131, 2.5, -54.1015)
use_collision = true
mesh = SubResource("BoxMesh_pk447")
metadata/_edit_lock_ = true

[node name="CSGMesh3D100" type="CSGMesh3D" parent="Arbre"]
transform = Transform3D(0.473535, 0, -0.880775, 0, 1, 0, 0.880775, 0, 0.473535, -41.0582, 2.5, -60.4563)
use_collision = true
mesh = SubResource("BoxMesh_pk447")
metadata/_edit_lock_ = true

[node name="CSGMesh3D101" type="CSGMesh3D" parent="Arbre"]
transform = Transform3D(0.183831, 0, 0.982958, 0, 1, 0, -0.982958, 0, 0.183831, -28.3091, 2.5, -62.2898)
use_collision = true
mesh = SubResource("BoxMesh_pk447")
metadata/_edit_lock_ = true

[node name="CSGMesh3D102" type="CSGMesh3D" parent="Arbre"]
transform = Transform3D(0.183831, 0, 0.982958, 0, 1, 0, -0.982958, 0, 0.183831, -30.5657, 2.5, -67.6203)
use_collision = true
mesh = SubResource("BoxMesh_pk447")
metadata/_edit_lock_ = true

[node name="CSGMesh3D103" type="CSGMesh3D" parent="Arbre"]
